1797
7989
6604
9712
9657
7177
3536
3660
6369
1916
9833
2874
9303
1330
5428
7768
3461
1289
5187
1274
6720
5347
2014
7113
5075
8252
4477
3581
5105
6030
9708
8128
9510
3290
5891
6735
8702
2622
6542
6802
9229
2416
9416
8833
2179
8784
4406
2149
7528
8064
4661
5084
5004
3247
4820
9240
9272
7548
5843
5399
3612
1739
4839
7736
4336
7787
2076
8974
4370
4504
5602
7056
6559
1982
7619
5921
6732
5084
5450
4215
3656
3068
4458
3760
5214
4298
1751
2719
5474
9136
2937
4109
2908
3689
7958
4680
9633
9692
2155
6186
4380
1804
3559
8392
4404
7547
4069
7876
8908
8194
4236
7651
6326
5949
6835
2512
6630
9879
1061
2857
1519
6483
8071
3810
7864
8729
1240
1051
6744
3673
9732
7453
1300
8138
8904
3597
5570
4003
5038
7689
1950
7308
7626
2532
1275
9941
6135
8013
3548
8151
8236
6965
3408
3375
1631
2722
7089
1976
7333
4958
6758
4727
7611
6518
7098
7783
8964
6728
1045
3472
8581
8306
5835
8098
4071
8392
3300
3540
6434
9141
9006
8181
4070
1902
6536
3388
4334
3523
8597
5996
7047
7368
2192
5380
7212
3575
2692
8105
5531
5062
1340
8943
4985
2871
5869
5237
4486
6691
9967
8203
4287
8072
7685
8636
5043
3425
9355
6491
3401
8420
9815
9174
6296
7720
5049
9091
5658
5816
9217
1359
6844
6742
8315
7519
5944
5164
6941
8109
3250
1118
9595
3268
1690
8293
4979
1097
8840
7006
3514
6028
3937
3282
6418
8111
7436
1097
4713
8351
4540
8329
2963
2801
3155
4538
9219
6714
3648
7927
2624
2104
8278
7648
9499
1949
8906
5880
4514
8848
6599
6614
9863
6796
3283
3960
1333
9685
2142
5179
2703
7538
3258
3330
7939
5065
2541
4159
5179
5664
1856
9253
5262
1216
7515
2363
7452
8855
1882
1262
5621
4996
9611
8131
8169
7801
9892
1731
1764
7797
5302
1302
1344
8341
7147
1529
1939
2570
4993
5450
4389
4929
9236
4373
3825
2857
7004
7260
5331
3599
3474
8193
3420
3302
3718
4937
7356
8108
1309
7193
9734
3863
2446
5255
6542
5346
5347
8731
7508
6546
4282
7661
7433
4613
2580
7319
2238
9241
5331
9051
4451
8363
4841
6294
4738
1035
7126
1638
5368
5394
1339
3193
6776
2556
2163
9075
1281
2430
4843
2607
8522
3172
9893
7101
6632
2337
2738
6013
8885
3224
3609
3774
7633
5570
7660
1790
5084
8478
6392
7393
1161
3299
4781
1541
4081
8945
3205
3455
1556
4129
4039
4473
3854
7870
8945
1228
3722
8736
1823
4616
6829
6572
2205
5172
6452
7487
6120
6610
9835
9537
5409
6342
6368
3439
6282
8296
2553
8464
2867
3877
9025
2939
6716
9661
3475
4728
6248
9134
4830
3292
9006
2788
6422
3358
7597
1318
5985
7330
4232
5752
2331
6214
4775
6445
1674
8589
3628
2962
8535
1389
8329
6063
9695
4821
3661
4179
2829
4846
4699
4145
2285
1349
3763
6009
4928
9623
8771
7672
5872
7703
6847
1754
7019
5193
6536
2646
5317
3159
8696
1934
4267
6515
1193
8140
8634
5039
5339
8631
5711
3350
5818
2923
4001
7578
3190
6544
4840
5247
6831
2175
8711
2688
5286
7361
5294
3040
3442
8277
2607
8053
9547
2172
3322
3864
7107
5755
5938
7258
8717
9039
6384
9463
5108
5918
1255
6142
6952
5226
3307
3894
4441
7907
9407
8379
7816
8914
4539
4432
7277
2973
5658
6873
6593
9759
3776
7245
9057
7190
1565
5243
2019
7756
3028
3020
2133
3567
8834
2094
3628
1550
8969
5902
6938
2623
6933
5722
9886
6446
9618
6735
9656
2837
8038
4866
9454
2011
1392
6010
3925
1156
6562
1948
7761
2618
8466
4231
8528
3972
4888
9709
4118
1571
8107
7858
9036
3144
6376
7350
9661
9867
3625
9605
3195
6890
7381
5096
8360
3072
1567
2097
4439
8383
9647
4810
2420
8749
5645
7752
